-1421788233,2,8,battle,0,dabomb,3,10,6,8,500,358,255,0,1,0,0,0,GUN-TACTYX,arena,1,0,120,
-1421433279,2,8,Jackals,1,SimRaz,2,35,1,6,50,0,41,0,6,0,0,0,GUN-TACTYX,arena,1,0,120,
-1420251850,2,8,roger,2,gunny,0,10,3,8,300,122,127,0,4,0,0,0,GUN-TACTYX,arena,1,0,120,
-1419895827,2,8,blam,3,circleWa,1,26,8,8,800,526,239,0,0,0,0,0,GUN-TACTYX,arena,1,0,120,
-1419019528,2,8,dabomb,1,circleWa,2,120,8,0,800,750,396,8,0,700,800,400,GUN-TACTYX,arena,1,0,120,
-1417347445,2,8,roger,3,lunch,1,10,8,8,714,332,325,0,0,0,0,0,GUN-TACTYX,arena,1,0,120,
-1417260067,2,8,frapevo,0,musketeer,3,13,1,8,100,50,50,0,7,0,0,0,GUN-TACTYX,arena,1,0,120,
-1417149876,2,8,ewm_2_43,1,trooper,3,10,5,8,500,198,195,0,3,0,0,0,GUN-TACTYX,arena,1,0,120,
-1417059807,2,8,SimRaz,0,circle,3,27,7,8,600,260,193,0,0,0,0,0,GUN-TACTYX,arena,1,0,120,
-1416830805,2,8,gunny,0,musketeer,2,14,7,8,700,203,251,0,0,0,0,0,GUN-TACTYX,arena,1,0,120,
-1416709233,2,8,roger,2,circle,0,12,7,8,650,293,267,0,0,0,0,0,GUN-TACTYX,arena,1,0,120,
-1416608240,2,8,jini,2,,3,19,6,8,600,204,232,0,0,0,0,0,GUN-TACTYX,arena,1,0,120,
-1416449275,2,8,ewm_2_43,3,lunch,1,24,8,8,750,264,282,0,0,0,0,0,GUN-TACTYX,arena,1,0,120,
-1416243928,2,8,i-bot,3,dabomb,0,17,3,7,250,67,93,0,4,0,0,0,GUN-TACTYX,arena,1,0,120,
-1416100391,2,8,Amoi-TGB,2,platoon,0,14,6,6,500,224,216,0,2,0,0,0,GUN-TACTYX,arena,1,0,120,
-1415981134,2,8,SimRaz,0,botsUnr,3,27,5,8,400,240,147,0,0,0,0,0,GUN-TACTYX,arena,1,0,120,
-1409082560,2,32,Krobot,1,scratter,3,41,13,23,1100,1069,214,0,6,0,0,0,GUN-TACTYX,arena,1,0,120,
-1408861425,2,32,fraplator,2,frapevo,1,18,16,31,1300,764,705,0,13,0,0,0,GUN-TACTYX,arena,1,0,120,
-1408767735,2,32,roger,3,i-bot,2,33,1,27,50,46,20,0,29,0,0,0,GUN-TACTYX,arena,1,0,120,
-1420445069,2,32,platoon,3,trooper,0,16,24,32,2100,1301,1019,0,3,0,0,0,GUN-TACTYX,arena,1,0,120,
